SCALING STUDY - GEOMETRY INDICES
========================================
All subsets are subsets of the 64-sample dataset.
========================================

========================================
GEOMETRY: Plate with a Hole
========================================

SUBSET_4 = [5, 24, 30, 48]

SUBSET_8 = [5, 19, 24, 30, 33, 45, 48, 58]

SUBSET_16 = [5, 15, 19, 20, 21, 23, 24, 30, 31, 33, 45, 48, 57, 58, 60, 64]

SUBSET_32 = [5, 10, 15, 17, 19, 20, 21, 23, 24, 26, 28, 29, 30, 31, 32, 33, 34, 35, 37, 43, 44, 45, 46, 48, 54, 56, 57, 58, 59, 60, 63, 64]


========================================
GEOMETRY: Lug
========================================

SUBSET_4 = [1, 4, 13, 30]

SUBSET_8 = [1, 4, 5, 13, 16, 25, 30, 57]

SUBSET_16 = [1, 3, 4, 5, 6, 11, 13, 14, 15, 16, 25, 26, 30, 32, 50, 57]

SUBSET_32 = [1, 2, 3, 4, 5, 6, 7, 10, 11, 13, 14, 15, 16, 17, 18, 20, 22, 23, 24, 25, 26, 30, 31, 32, 34, 42, 50, 53, 56, 57, 60, 64]

